10,9
10,217
10,27
10,199
10,227
10,277
10,159
10,139
10,2
10,3
11,23
11,12
11,16
11,22
11,6
11,25
11,2
11,3
9,5
8,17
8,6
8,14
8,7
8,15
0,458
44,9
44,8
44,7
44,6
44,5
44,4
44,3
44,2
44,1
44,0
43,4
43,3
43,2
43,1
43,0
42,3
42,2
42,1
42,0
41,3
41,2
41,1
41,0
40,3
40,2
40,1
40,0
39,3
39,2
39,1
39,0
38,6
38,5
38,4
38,3
38,2
38,1
38,0
32,3
32,1
30,7
30,6
30,3
30,1
29,6
29,5
29,4
29,3
29,1
28,5
28,3
28,1
26,3
26,1
20,3
20,2
20,1
19,3
19,2
19,1
18,3
18,1
14,3
14,1
13,3
13,1
12,3
12,2
12,1
11,30
11,29
11,27
11,24
